294|15|150|-4|[11:00,21:00]|[11:00,21:00]|*
295|15|150|2|[14,18]|[14,18]|*
292|15|150|-7|[15:15,16:00]|*|*
291|15|150|*|[7:00,16:00]|*
513|13|150||*|*|*
394|4|67||[20,23]|*|*
431|4|67||[15,24]|[15,24]|*
345|4|67|3.5|[3.5,14.5]|[3.5,14.5]|*
432|4|67|2|[5,15]|[5,15]|*
395|4|67|1|[7,17]|[7,17]|*
356|4|67|1|[7,17]|[7,17]|*
337|4|67|1|[7,17]|[7,17]|*
335|4|67|1|[7,17]|[7,17]|*
358|4|67|2|[6,16]|[6,16]|*
240|4|65|2|[6,16]|[6,16]|*
396|4|65|2|[6,16]|[6,16]|*
380|4|64||[8,11],[15,20]|[8,12],[15,20]|*
378|4|64||[12,24]|[12,19]|*
232|4|62||[10,21]|[10,21]|*
144|4|62|-4|[12,22]|[12,22]|*
326|4|123||[12,17]|[8,10],[11,16]|*
265|4|123||[9,20]|[10,20]|*
264|4|123||[9,19]|[7,19]|*
263|4|123||[8,20]|[8,20]|*
137|4|60|-3|[11,21]|[11,21]|*
63|4|60|-3|[11,21]|[11,21]|*
249|4|60|-3|[11,21]|[11,21]|*
42|4|66|-7|[15,24]|[15,24]|*
86|4|66||[13,15],[17,18],[20,24]|[1,3],[13,18],[21,24]|[1,2]
89|4|66|-7|[15,24]|[15,24]|*
461|4|66|-7|[15,24]|[15,24]|*
48|4|66||[17,24]|[18,23]|*
65|4|66|-7|[15,24]|[15,24]|*
314|4|66|-7|[15,24]|[15,24]|*
37|4|66|-7|[15,24]|[15,24]|*
285|5|43|2|[6,16]|[6,16]|*
16|5|43||[14,16],[18,22]|[14,16],[18,22]|*
375|5|38||*|[6,19]|[6,1]
135|5|40|-3|[11,21]|[11,21]|*
18|6|53|9|[0,9]|[0,9]|*
288|6|50|9|[0,9]|[0,9]|*
505|12|50|9|[0,9]|[0,9]|*
290|6|50|9|[0,9]|[0,9]|*
21|6|55||[15,24]|[14,19]|*
133|6|55||[15,24]|[15,24]|*
410|7|129||[7,16]|*|*
413|7|129|2|[6,16]|[6,16]|*
260|7|129||[11,19]|[11,19]|*
411|7|129||[10,19]|[10,17]|*
408|7|129|+9.9|*|[1,2]|*
301|7|129|+9.9|[10,12],[22,24]|[2,4],[8,12]|*
438|7|129|2|[6,16]|[6,16]|*
407|7|129||*|[8,14]|*
361|7|129||[7,10]|[13,21]|*
362|7|129|2|[7,9]|[7,10],[12,15]|*
409|7|129||[7,21]|[6,21]|*
412|7|129||*|[17,24]|[1,3]
300|7|129|-4|[12,22]|[12,22]|*
437|7|129||[14,21]|[13,20]|*
351|8|126|2|[6,16]|[6,16]|*
221|8|126|2|[6,16]|[6,16]|*
211|8|126||[8,11],[13,16]|[8,11],[13,16]|*
297|8|126||[8,15]|[8,16]|*
374|8|126||[7,18]|[7,18]|*
224|8|126||[9,17]|*|*
281|8|126|-3|[11,21]|[11,21]|*
222|8|126|-4|[12,22]|[12,22]|*
259|8|126||[13,19]|[11,17]|*
443|8|157|*|*|*|*
444|8|157|*|*|*|*
445|8|157|*|*|*|*
446|8|157|*|*|*|*
447|8|157|*|*|*|*
448|8|157|*|*|*|*
449|8|157|*|*|*|*
450|8|157|*|*|*|*
451|8|157|*|*|*|*
452|8|157|*|*|*|*
453|8|157|*|*|*|*
454|8|157|*|*|*|*
462|8|157|*|*|*|*
463|8|157|*|*|*|*
252|8|126||[19,22]|*|*
209|8|126||[7,9],[13,22]|[7,14],[18,22]|*
235|8|126||[15,17]|[8,10]|*
214|8|126||[8,13]|[8,14]|*
522|8|126||[8,13]|[8,14]|*
234|8|126||[13,15],[17,20]|[13,15],[17,20]|*
256|8|126||*|[14,16],[18,21]|*
257|8|126||[17,22]|[14,23]|*
373|8|126||*|[7,24]|[1,7]
225|8|126|-7|15,24]|[15,24]|*
511|8|126||[11,24]|[11,24]|*
401|8|126||[15,24]|[15,24]|*
323|8|126||[11,24]|[11,24]|*
206|9|103|8|[0,9]|[0,9]|*
254|9|103||[7,10],[13,16]|[2,5],[7,10],[13,16]|*
255|9|103||[7,19]|[7,18]|*
204|9|103||[7,24]|[1,24]|[1,7]
72|9|107|2|[6,16]|[6,16]|*
75|9|107|2|[6,16]|[6,16]|*
207|9|107|1|[7,17]|[7,17]|*
296|9|103||[11,15]|[12,16]|*
415|9|105||[12,16]|[13,22]|*
120|9|105|2|[6,16]|[6,16]|*
193|9|106||*|[7,10],[13,15]|*
80|9|106|+5:30|[16,19]|[16,19]|*
69|9|106||[7,13],[17,24]|[7,8],[13,24]|[1,2]
35|9|106||[9,11],[12,17]|[9,18]|*
71|9|106|5:30|[16,20]|[16,20]
216|9|103||[16,21]|[16,21]|*
376|10|148|1|[5,15]|[5,15]|*
441|10|148|2|[6,16]|[6,16]|*
325|10|148|2|[6,16]|[6,16]|*
360|10|148||[7,16]|*|*
194|10|115||[8,20]|[9,20]|*
266|10|115||[9,16]|[9,20]|*
280|10|115|2|[6,16]|[6,16]|*
268|10|115||[7,16]|[7,11]|*
283|10|115|2|[6,16]|[6,16]|*
433|10|115|2|[6,16]|[6,16]|*
348|10|115|-4|[12,22]|[12,22]|*
210|10|33||[7,20]|*|*
468|10|112|-7|[15,25]|[15,25]|*
226|10|33|2|[6,16]|[6,16]|*
287|10|33|2|[6,16]|[6,16]|*
367|10|33|2|[6,16]|[6,16]|*
338|10|33||*|[8,17]|*
307|10|117|2|[6,16]|[6,16]|*
456|10|118|2|[6,16]|[6,16]|*
482|10|118|2|[6,16]|[6,16]|*
390|10|118||[7,8],[11,14]|[6,17]|*
359|10|114|2|[6,16]|[6,16]|*
387|10|114|2|[6,16]|[6,16]|*
406|10|114|-4|[12,22]|[12,22]|*
215|10|116||[11,19]|[11,20]|*
267|10|116||*|[8,16]|*
459|10|118|10|[22,8]|[22,8]|*
399|10|118|2|[6,16]|[6,16]|*
457|10|118|2|[6,16]|[6,16]|*
458|10|118|-7|[15,24]|[15,24]|*
343|10|121||[10,18]|[10,18]|*
346|10|121||[9,20]|[10,19]|*
342|10|121||[9,10]|[12,23]|*
11|11|94|2|[6,16]|[6,16]|*
45|11|94|2|[6,16]|[6,16]|*
39|11|94|2|[6,16]|[6,16]|*
147|11|94||[7,13],[16,19]|[7,20]|*
167|11|94|2|[6,16]|[6,16]|*
198|11|94|2|[6,16]|[6,16]|*
478|11|94||*|*|*
44|11|94||*|*|*
238|11|94||*|*|*
278|11|92||[7,10]|[9,11]|[1,4]
279|11|92||[8,10],[12,15]|[8,10],[12,15]|*
59|11|95|2|[6,16]|[6,16]|*
156|11|95|2|[6,16]|[6,16]|*
282|11|95|2|[6,16]|[6,16]|*
309|11|95|2|[6,16]|[6,16]|*
110|11|95|-3|[11,21]|[11,21]|*
101|11|95|-3|[11,21]|[11,21]|*
304|11|95||[15,18],[20,24]|[14,18],[20,24]
377|11|92||[13,16]|*|*
274|11|92||[14,17]|*|*
306|11|92||[7,21]|*|*
276|11|92||[16,19]|[16,19]|*
419|11|100|2|[6,16]|[6,16]|*
417|11|100|2|[6,16]|[6,16]|*
416|11|100|2|[6,16]|[6,16]|*
429|11|100|2|[6,16]|[6,16]|*
227|11|98||[7,20]|[6,8],[12,20]|*
269|11|98||[17,24]|[1,5]|[1,5]
392|11|99|2|[6,16]|[6,16]|*
379|11|99||[7,11],[13,17]|[7,11],[13,17]|*
400|11|99|2|[6,16]|[6,16]|*
244|11|99|-4|[12,22]|[12,22]|*
104|11|102||[10,17]|[10,17]|*
49|11|34|2|[6,16]|[6,16]|*
90|11|93|-3|[11,21]|[11,21]|*
123|11|93||[12,23]|[12,23]|*
121|11|93|-7|[15,24]|[15,24]|*
115|11|93|-4|[12,22]|[12,22]|*
239|11|93|-3|[11,21]|[11,21]|*
352|11|96|-3|[11,21]|[11,21]|*
364|11|96|-3|[11,21]|[11,21]|*
405|11|101|-3|[11,21]|[11,21]|*
122|11|101||[12,22]|[12,22]|*
414|11|101||[22,23]|[22,23]|*
418|11|101|-7|[15,24]|[15,24]|*
218|11|101|-7|[15,24]|[15,24]|*
220|11|101||[20,23]|[18,24]|*
350|11|101||[16,20]|[12,17],[20,24]|*
66|11|101|-3|[7,9],[20,24]|[8,9],[20,24]|[1,7]
163|12|86|1|[7,17]|[7,17]|*
117|12|86|2|[6,16]|[6,16]|*
134|12|86|2|[6,16]|[6,16]|*
105|12|86||[14,17]|*|*
140|12|86|2|[6,16]|[6,16]|*
189|12|86|1|[7,17]|[7,17]|*
52|12|86|2|[6,16]|[6,16]|*
178|12|86|2|[6,16]|[6,16]|*
58|12|86|1|[7,17]|[7,17]|*
139|12|86|2|[6,16]|[6,16]|*
76|12|83|2|[11,12],[14,16]| 
83|12|83||[8,11],[13,16]|[8,11],[13,16]
464|12|83|-3|[11,21]|[11,21]|*
327|12|80||*|*|*
331|12|80||[15,24]|[1,2],[15,24]|*
440|12|80||[14,24]|[1,7]|*
398|12|80||[8,18]|[9,13],[14,19]|*
455|12|80||*|*|*
439|12|80||*|*|*
27|12|82|9|[0,9]|[0,9]|*
504|6|82|9|[0,9]|[0,9]|*
277|12|88|2|[6,16]|[6,16]|*
341|12|88||[16,21]|[9,11],[15,20]|*
344|12|88|2|[6,16]|[6,16]|*
322|12|88||[6,16]|[6,16]|*
202|12|147||[8,11],[14,18]|[8,11],[14,18]|*
219|12|84|2|[6,16]|[6,16]|*
17|12|84|1|[7,17]|[7,17]|*
91|12|84|-3|[11,21]|[11,21]|*
242|12|84|2|[6,16]|[6,16]|*
272|12|76|-4|[12,22]|[12,22]|*
270|12|76|2|[6,16]|[6,16]|*
273|12|76|2|[6,16]|[6,16]|*
228|12|84||[9,17]|*|*
229|13|36|1|[7,17]|*|*
113|13|73||[20,24]|[17,23]|*
25|13|73|3|[5,15]|[5,15]|*
78|13|73|2|[6,16]|[6,16]|*
77|13|73|1|[7,17]|[7,17]|*
180|13|73||*|*|*
182|13|73||*|*|*
253|13|36||[7,9],[17,21],[22,24]|[1,2],[3,9],[17,21],[22,24]|[1,2],[3,7]
324|13|36|2|[6,16]|[6,16]|*
258|13|36|2|[6,16]|[6,16]|*
230|13|36||[7,21]|[7,21]|*
233|13|36||[9,17]|[9,17]|*
223|13|36|-4|[12,22]|[12,22]|*
212|13|36|-4|[12,22]|[12,22]|*
426|16|155|15|9|[0,9]|[0,9]|*
424|16|155|15|2|[6,16]|[6,16]|*
372|16|155|15|2|[6,16]|[6,16]|*
434|16|155|15|2|[6,16]|[6,16]|*
465|16|155|15|[6,16]|[6,16]|*
423|16|155|15|1|[7,17]|[7,17]|*
428|16|155|15|1|[7,17]|[7,17]|*
369|16|155|15|1|[7,17]|[7,17]|*
386|16|155|15|1|[7,17]|[7,17]|*
422|16|155|15|1|[7,17]|[7,17]|*
466|16|155|15|1|[7,17]|[7,17]|*
509|16|155|15|1|[7,17]|[7,17]|*
384|16|155|15||[8,23]|[8,23]|*
430|16|155|15|-3|[11,21]|[11,21]|*
371|16|155|15||[13,24]|[13,24]|*
385|16|125|2|[6,16]|[6,16]|*
427|16|125|2|[6,16]|[6,16]|*
393|16|125||[13,18]|[13,18]|*
388|16|125||[15,24]|[1,6],[15,24]|[1,5]
469|16|125|-7|[15,25]|[15,25]|*
368|16|125|-7|[15,24]|[15,24]|*
391|16|156|2|[6,16]|[6,16]|*
